xxx 001 xxxxxxx 00000000
xxx 010 xxxxxxx 00000000

xxx 011 0000001 00000000
xxx 100 0000001 00000000
xxx 101 0000001 00000000

xxx 011 0000010 00000000
xxx 100 0000010 00000000
xxx 101 0000010 00000000

xxx 011 0000011 00000000
xxx 100 0000011 00000000
xxx 101 0000011 00000000
xxx 110 0000011 00000000

xxx 011 0000100 00000000
xxx 100 0000100 00000000
xxx 101 0000100 00000000
xxx 110 0000100 00000000

xxx 011 0000101 00000000
xxx 100 0000101 00000000

xxx 011 0000110 00000000
xxx 100 0000110 00000000

xx1 011 0000111 00000000
xx1 100 0000111 00000000

x1x 011 0001000 00000000
x1x 100 0001000 00000000

1xx 011 0001001 00000000
1xx 100 0001001 00000000

xxx 011 0001010 00000000
xxx 100 0001010 00000000
xxx 101 0001010 00000000

xxx 011 0001011 00000000
xxx 100 0001011 00000000
xxx 101 0001011 00000000
xxx 110 0001011 00000000

xxx 011 0001100 00000000

xxx 011 0001101 00000000
xxx 100 0001101 00000000
xxx 101 0001101 00000000

xxx 011 0001110 00000000
xxx 100 0001110 00000000
xxx 101 0001110 00000000

xxx 011 0001111 00000000
xxx 100 0001111 10001000
xxx 101 0001111 00000000

xxx 011 0010000 00000000
xxx 100 0010000 10001001
xxx 101 0010000 00000000

xxx 011 0010001 00000000
xxx 100 0010001 10001010
xxx 101 0010001 00000000

xxx 011 0010010 00000000
xxx 100 0010010 10001011
xxx 101 0010010 00000000

xxx 011 0010011 00000000
xxx 100 0010011 10001100
xxx 101 0010011 00000000

xxx 011 0010100 00000000
xxx 100 0010100 10001101
xxx 101 0010100 00000000

xxx 011 0010101 00000000
xxx 100 0010101 10001110
xxx 101 0010101 00000000

xxx 011 0010110 00000000
xxx 100 0010110 10001111
xxx 101 0010110 00000000

xxx 011 0010111 00000000
xxx 100 0010111 10011000
xxx 101 0010111 00000000

xxx 011 0011000 00000000
xxx 100 0011000 10011001
xxx 101 0011000 00000000

xxx 011 0011001 00000000
xxx 100 0011001 10011010
xxx 101 0011001 00000000

xxx 011 0011010 00000000
xxx 100 0011010 10011011
xxx 101 0011010 00000000

xxx 011 0011011 00000000
xxx 100 0011011 10011100
xxx 101 0011011 00000000

xxx 011 0011100 00000000
xxx 100 0011100 10011101
xxx 101 0011100 00000000

xxx 011 0011101 00000000
xxx 100 0011101 10011110
xxx 101 0011101 00000000

xxx 011 0011110 00000000
xxx 100 0011110 10011111
xxx 101 0011110 00000000

xxx 011 0011111 10000000
xxx 100 0011111 00000000

xxx 011 0100000 10000001
xxx 100 0100000 00000000

xxx 011 0100001 10000010
xxx 100 0100001 00000000

xxx 011 0100010 10000011
xxx 100 0100010 00000000

xxx 011 0100011 10000100
xxx 100 0100011 00000000

xxx 011 0100100 10000101
xxx 100 0100100 00000000

xxx 011 0100101 10000110
xxx 100 0100101 00000000

xxx 011 0100110 10000111
xxx 100 0100110 00000000

xxx 011 0100111 10010000
xxx 100 0100111 00000000

xxx 011 0101000 10010001
xxx 100 0101000 00000000

xxx 011 0101001 10010010
xxx 100 0101001 00000000

xxx 011 0101010 10010011
xxx 100 0101010 00000000

xxx 011 0101011 10010100
xxx 100 0101011 00000000

xxx 011 0101100 10010101
xxx 100 0101100 00000000

xxx 011 0101101 10010110
xxx 100 0101101 00000000

xxx 011 0101110 10010111
xxx 100 0101110 00000000